1 0 0
2 0 0
3 0 0
4 0 0
5 0 0

6 200 0
7 200 0
10 150 0
11 100 0
12 80 0

13 0 600000
15 0 600000
16 0 480000
17 0 320000
19 0 240000

20 60 540000
21 55 480000
22 45 360000
26 40 240000
27 35 120000

33 0 0
43 0 0
53 0 0
58 0 0
62 0 0



67 0 0
66 0 0
67 0 0
68 0 0
70 0 0

72 0 0
74 0 0
75 0 0
76 0 0
77 0 0

78 250 0
80 200 0
81 200 0
82 150 0
83 120 0

85 0 300000
88 0 300000
90 0 240000
91 0 180000
92 0 120000

93 100 300000
95 80 300000
97 60 240000
99 50 240000
100 50 240000



156 0 0
157 0 0
158 0 0
160 0 0
162 0 0

163 0 0
164 0 0
165 0 0
166 0 0
167 0 0

170 500 0
171 450 0
173 400 0
174 350 0
176 300 0

177 0 540000
178 0 480000
179 0 480000
180 0 420000
181 0 360000

182 400 480000
183 300 420000
184 200 420000
185 150 360000
190 100 300000



257 0 0
258 0 0
262 0 0
264 0 0
266 0 0

350 0 0
362 0 0
370 0 0
380 0 0
400 0 0

406 350 0
408 300 0
432 250 0
496 200 0
550 200 0

556 0 660000
590 0 600000
620 0 540000
630 0 480000
700 0 420000

705 300 600000
730 200 540000
790 150 540000
810 150 480000
850 100 420000