1056698302
723043893
252822649
276569861
381429149
862127487
811107007
775223067
934821698
737689349
345111807
845205176
66026433
372366755
1061037981
721719403
562846207
1008120894
108493811
1071563506
791656555
1064412205
1020887582
496923647
527816541
977271423
1042836760
736795841
1041693727
639028204
358891519
208630694
536439866
835483707
869737471
663743027
283309099
206686191
270945371
493955103
489709783
815931599
857947527
1044941100
190113115
324038895
364804319
227290567
584771365
381379311
135560047
596639208
121478888
100210603
729576575
504942050
52279477
450436411
527439891
26876573
675078149
980944557
420869113
421672091
325799856
475368556
390816569
367432475
298522240
1062098529
685701692
734933857
46352960
874001359
440770062
503353899
580486289
373161671
73314190
928943728
1000357600
31728086
1021358603
921022851
850723347
841676759
906655703
709103211
721624683
402025835
873845331
944903219
78820283
1008289919
599784464
1038298256
809821828
15833600
947493398
255960805
100811379
307082091
893673362
1010338745
601260153
618125907
1029614433
69203233
633178810
490548113
980077801
773156591
395390518
606772577
364315922
588680526
756591195
202229796
1024309921
478453888
459840757
1012045807
790179496
538742113
362056978
589204814
1007757300
905350306
1024755907
542697811
760400715
287692572
353621448
1007993573
1058402302
1010472964
1010439608
1008266059
1008266059
357877464
357877192
1007727589
1007795766
1007753958
1010439716
1009915704
1024563998
1043432091
359664895
