18382848 4325376
9175138 4096
8919168 24930
0 11501892
3178531 72768
29767879 0
9179234 141440
22348865 11059238
0 15029582
5309440 2263040
145969 4
8912930 93440
7506944 0
141343 0
0 4670464
22365525 11043370
15166926 4096
0 15259182
29491335 87296
31948965 2114
22365525 11188906
1 32776
17408 4096
11184810 22041621
10489856 23064575
22511061 11043370
7576807 25977624
22357705 10518560
21893349 8471810
4215812 699040
10223730 211328
22041600 14
22020096 17422
21512922 8653060
10824010 18404913
131200 579104
11126939 405568
21768293 8607106
4325376 132
4684800 28869060
4211716 17829905
17967249 4215812
69696 0
1245192 17348343
7451851 17435188
18157905 15396526
712900 28377344
152704 557600
1835074 4096
473422 128
4198404 575008
22037525 4096
18400718 15153152
575008 17825809
4653056 17418
22041621 0
18400817 15153614
10240 4096
131076 864
0 17408
0 10634378
4096 10240
3247203 4096
22369621 0
135327 4194304
33080895 473536
33554431 0
4329472 0
4670474 0
0 14815374
4325376 0
14842880 320
0 22369621
15022414 0
7375911 0
22511061 0
25977624 7576807
0 21504
328000 10496010
0 17825809
0 33554431
17829905 0
33222335 332096
0 720544
327744 10487810
4096 33550335
17825792 4194304
0 27648
4096 17826261
25953048 7601251
0 575008
0 7375911
22365525 11184810
28910766 443153
10 23058101
16922240 2689052
2457988 14173763
3419136 13144357
4228 22496603
4433 17843876
