476665855
794767679
173439903
249818015
1001954111
723730047
399358111
771111839
929247967
1072798207
766135807
510220287
913700639
796088191
805261311
772780159
652212159
1059450367
127483295
838674335
130530559
499944543
981301215
523224703
375260543
985659903
489670271
380690431
969798143
598720511
642103551
65751551
709393887
496822463
176246239
838691711
307075071
129790463
786349823
597014783
184295615
394231807
452680831
442406783
28436383
1041422271
119289215
56400959
190718751
639902143
702622015
81911679
732268031
40711295
76276255
676431103
159185407
168078911
1059364255
312108927
972060511
461049983
271312735
341482367
575827391
844948543
123820159
951159775
812135423
170878143
226612223
453330079
972963775
819552223
833561599
419083967
293432319
381563007
452737151
660273919
974766719
909100287
688508287
7300735
242531199
202286719
204516255
201658367
573729855
259939711
455485279
349649567
31400479
993352895
871862207
167992703
249342559
239860447
404041279
44228863
720819359
190838879
551454719
913543679
790165887
676618143
934954559
796642143
1010687295
127922239
772443071
995502367
861204095
381652671
344013183
68802399
683428639
1069891807
120502687
1023011743
593216063
261895071
35286463
807060607
911121535
424923391
399744479
855621087
594572991
50983231
220183871
12815903
72975487
40030623
625442591
999931519
69467711
135237951
52246719
858141087
101847871
37712223
101962143
671210751
137533439
70925119
572797631
858995711
35189119
17864159
