630736673
1071531582
939497834
837775194
837775194
1000210267
27935743
27935743
900151279
885794855
559848378
542799930
828274746
624579503
922174457
1005354461
539978435
584434551
558834669
387562555
233934571
927003327
1014841952
521772535
241057341
779943299
613588511
649309543
1068204701
798541465
386942651
588082303
114649079
114325415
364494549
654452194
671332783
720483823
143272543
984552901
1029739157
517316311
258245829
578394221
176347032
11926082
46892261
738658527
578141578
806726095
920395320
331568080
922668462
966307434
867792218
26088073
39300905
307875823
792964257
343201701
282330362
777676536
668473942
890739543
1044003621
693116277
138781540
255561585
74492704
1006604823
1008476026
535908628
748453727
576931207
978126974
827372185
535917340
837354439
152421245
21196805
295927973
817024051
33266803
540972721
183914417
411179953
210509432
411090846
39046510
1018907772
652445044
1002690726
866867960
963650161
103927259
327490585
482858045
61580346
261952234
176077779
157647865
321433455
607264623
59672979
732675081
317530369
660436854
666087052
871174605
983984205
732583638
555811711
568669559
195683885
51903490
710157529
385667859
820038025
859835370
570518758
716059337
791768777
192246971
104217845
115365826
914150163
323103020
33908960
101177874
310780432
64820868
596409510
715396772
118245204
447026768
312950352
858007616
409699924
55190601
327945100
315028549
17451430
117720404
19543489
596274086
323044313
325256907
40930885
33798158
118495364
