536870895
1040135614
928339319
404311103
1041871486
1033813247
670649266
737869802
519281414
1048047615
1056148527
610235327
657863283
670649331
623903346
404107308
1054213182
449804685
866024219
224109272
875570238
539034467
397047821
720389215
638583410
659636595
156947598
456773025
456163347
54080096
861347839
785837115
303039163
835923656
558855601
1039587621
85370208
647783288
926471116
949019307
521322024
385254208
371013623
555206853
859476541
687482744
803191471
865607691
399404815
848233877
98185765
880963391
702618799
934184317
229460359
818198964
911149279
210700509
917435761
912189188
598632626
691133080
64980267
105757413
511940397
1042386601
1070816429
870065573
906161138
234332503
415193969
1026636640
812500566
530521230
225680656
558733412
701499665
70959107
202993385
234664695
986543163
1053762336
133513677
267701639
875124167
1946079007
621743373
356156077
173298877
13974899
69505809
479318785
479326158
264377226
587180826
675227366
932304489
937007850
108610786
930207237
329163429
595835051
698428602
150377369
58522521
41317320
91713771
790007801
758725491
595921665
1016412717
316723323
4989385
40640559
975836071
585046976
642746623
193684994
885682883
50346833
1018641037
979432187
17322945
40640653
724439975
44779350
384526894
339482414
390949796
401031588
384258224
302930212
55186086
63334209
42485189
51355573
303483974
373631396
373631396
33585328
302936494
55185924
42088257
136504925
51370724
51065796
61307460
195576068
38013734
