810496959
639040115
658453950
618213420
1041877036
618213420
404191347
986667397
449786366
551544410
402690328
402954363
792892259
386592807
715473505
733874866
923865906
1015419530
140149902
161771297
656451080
908346412
469860370
8077311
785837355
735728559
290664136
5065558
394045585
607774791
242484072
428712778
374768588
408021913
968930306
257397248
119941589
201527648
1034246600
142279480
611351978
421065391
3961359
11496015
728785509
11348039
8652813
702616717
940669215
630011923
820965526
596041423
18890573
239151427
1013219844
342589602
67667787
509617563
302096413
44796371
371632001
555314217
549211259
3353786
906324946
67904579
154547712
144800624
550244136
822359988
478461399
560447856
727336364
354955623
279233398
177946982
986477234
24629782
157698503
166210157
569479533
42042141
1045959085
48251149
608961570
42185700
68444454
3851161
676897452
437297982
807331001
440410118
97780059
406995842
727353644
235115173
111896997
35785733
149429254
181836177
5936960
7739665
760424184
24932111
540026884
797565440
29446233
349974669
28180500
40065665
596515456
12871703
547368554
578888133
31132500
66196010
613368225
285213873
134295824
306127581
62914957
568414626
7280909
336595763
557384723
24647682
342821668
18876700
54531228
48638010
2755124
34099023
692322560
117793156
60859877
274793729
38608230
674154670
33641217
136971020
34413014
568590592
100999556
44072988
270615616
715722274
8555200
8555200
5378785
201380
