253474565
276702621
372379007
866452159
18546652
317755296
935087621
869092381
740134328
982173889
66026374
781208747
254948681
197169259
738744831
5682238
916230216
775490290
568958544
830714335
1021169814
170196953
135386973
620495743
172789252
571091105
916775740
645012238
438451967
160137094
346583650
25255962
289679871
44177443
56917555
283309115
217857339
150135451
343987847
106980047
813741199
80142061
945458509
853729555
940241151
392837831
512428805
93147293
583436911
420627048
493731184
336013223
537014124
556220268
354353664
806492715
701498123
135793100
568146129
25608355
169017747
329949715
743786395
876893453
166741480
24384089
931269893
102455876
31985027
847686098
542507200
876651522
878225963
174611244
310393433
86310466
746904402
204605249
943264336
639720824
942800915
237380235
592129675
840493587
230752275
403525635
810941075
100983507
352015195
73590803
1047456307
67626182
10814472
746663696
717662080
185013300
69897738
294752298
218394288
414344454
302469378
38628288
268698266
4211529
743506344
1036085123
153587843
118765523
413644816
538575938
541069350
922809001
537611400
918586881
1007438956
32593612
72700933
21794821
497287590
18325592
713722985
20975654
835204777
818158797
44647021
32589576
880077986
303697
765018984
768427041
933271596
847849802
950175836
219783015
1007164019
840139978
282100904
974275781
1007232421
219189357
850043149
1006635313
219781894
1008275988
1042844748
1008310475
17698
989859396
537495582
1059891970
